7954160759
1382625629
609684597
565154500
6849434294
7860755996
6177079058
8597724850
7308721854
8169253519
106523262
6736880631
7029914386
7727504115
5638927866
1001137506
8214093994
7291779049
8017601026
5984470996
7987560109
8665047067
6269832907
8294520338
5143224546
8621538799
8241808350
7512814513
438909273
8476837322
8434430716
2035583502
7331335433
7291186272
5628241662
5431586562
7933509303
6211497984
6215356107
8274775346
369654106
400159516
331552374
447751013
555158982
8537003388
333190171
218447301
1459345460
722236659
6380768534
5465697119
7069797863
6007756786
8004541822
8395511597
7784059172
7018126972
7152310276
359030917
7299726665
507167855
7562504413
7937480891
7991524602
706989486
5017946425
437358247
7701363012
1786604437
7325883255
7133925777
7954968945
8513696834
77280483
6407120984
6943203946
7829602143
536053844
6247768637
8364442777
8108656091
246944878
768008483
1606316786
8193583783
6441497757
8254411196
1073085952
1431029216
5466267504
564970786
6186690666
7979060475
6794896764
8376939119
8332983951
7977136215
463559755
7859968655
8360616982
8785729879
8178528157
8449913848
8518957822
1324920834
7815571885
587502857
6524891687
6178040283
7735792618
7609780851
6777265927
8391763771
7816027374
7915499897
8093999050
630474164
6620677823
7730387622
8642097567
5315566682
8548803379
8316706540
8337913832
6723202224
1794355695
5222895511
8270642863
5782381077
5275697440
8074944415
6778781154
7572432773
7919964524
6210212505
7605623017
6957269966
7757236149
6225248773
7656420893
8293220377
8478782706
8209895130
7466008070
5287711039
7891310948
8271131173
7820899446
8157578740
6564327876
8097964208
6778821471
7213263304
8127992099
6952805445
367428896
1249362294
5937822520
6658885231
8479376514
8714296338
7890851129
7686034972
6379462791
7103430151
8271492394
8046915844
1386970275
8245834883
57577968
7176768689
7458400169
8022577492
8517691219
7062153847
8169491816
8784672195
8465696373
6574372867
730996902
5582402033
8101748847
6099715509
8229727470
8513960243
8749119436
5253103126
7821303397
8219409264
859307668
6225902209
1740845825
5196830235
8090833957
929004006
8507677729
7420915155
6597441717
1308597043
8369401134
7963228634
8438994514
1738548819
7205742619
5732185295
8041127054
7617218451
8541074389
5613579433
7370597042
5661601489
7639790176
5980154881
8550154599
7624930589
7438325763
332793095
149641430
5841679715
6694792153
7891833840
562637744
1474258476
8449870178
8250243344
1383130114
1449451790
7385820063
8033887047
7717257259
7656277613
8633607138
8584197911
1520468705
6075274449
5654851628
6931163287
8135036808
1604780816
6349733432
6046045012
8597612339
5543506295
1512649751
7151109634
8411385581
6149084877
6805324256
6386560252
6159313257
6690713081
8121205726
8394281619
8686206909
8530028764
6572229590
6400954811
5545936770
5109246953
7880637825
7767048483
5729200291
8446988655
5147003989
7358063933
8102772100
102925864
5317314045
8594662289
8639319071
6430509666
8507511923
6852350296
7514323087
5644748590
299373123
7880009896
5454787181
6720573352
8046545390
8452448209
7784542583
8032231875
2100274329
7890974050
6519542261
7553223450
795904392
7243139397
7693371686
5401302448
8354179210
8328719237
1009099596
6184342728
8170788398
7208593540
5463709464
8217828478
7338470802
8169346385
6433291002
8161702150
7334460502
8406265318
6142915995
8560638534
7193251932
6547247174
8415300890
7371996876
6072262345
7156827079
7034313051
8388157066
7708992065
5647699717
8452020970
927620137
7483642057
8368492522
8588166257
6644655105
6528443988
6080909223
7167596722
600350904
6040380904
1793281789
8186444818
7702981091
7139430540
6176539128
8394610190
6433545855
6068896151
7647575448
1972495234
8329784671
7267339461
7899015248
8089713608
5777916201
5581432329
8336622578
7680107135
6629586058
7745544972
6437566463
8577201730
7756060791
5089295621
264913642
8196208333
6571782881
8539471284
6580700814
1131261726
8188335814
8085465232
8089445327
846004581
284138410
5225808860
5070030575
8113351501
766903612
5465396036
7911727238
5766878368
7651603232
8145570767
6852418852
7551327708
8795697744
596240590
578836116
6698663490
7546573096
7443780564
5799019502
8452891066
8376850216
7727609799
6477347894
7209877435
6752508524
6875906014
6096684983
7711643230
7907431038
892521326
8255512029
714585759
6424349934
8067629320
5929226151
8790341395
39983010
347750891
521296694
1033367504
7813743481
1121707465
639624859
6592567247
8202871220
6052129448
7122027581
7389874958
8635027204
7101194667
7962765343
8125989356
94526184
5968392220
6149409857
5978964067
7650994824
7394820455
1389831140
1944692648
7444144893
1227653783
7526055413
866565345
8256100922
7989230365
7152789938
303264789
8456413591
6859392105
6458798323
7272461476
7576693829
7475232524
7661090506
6587366900
6146484964
6442151374
5916321848
7672409356
8473232479
1390684983
2060630048
453185118
1028041534
8487167913
7496685659
7951649421
6707377291
8036789743
8386995451
8483125591
8438507741
8444078263
2008685970
1769954882
983922712
8398266691
8402323595
7357568336
6634181096
8040186003
5409415520
6798980393
5357707994
8318020135
6520783499
6756984962
7878004800
1343012937
8318436673
572101806
6338404771
8488142445
6746987171
8290991157
7976477486
5617158196
8026732577
7592591336
8508138165
274957583
8208392994
5671427417
2019561311
8133362157
698055639
7373319124
7462792145
627117633
7412064506
1278159457
8461360376
5880452293
5727397148
6807476813
5396284400
7941156577
7717407043
8321626265
281686922
7293409148
8098360162
8330010392
1608502603
1914445412
1947115093
6104950603
8421420773
2039149123
8249605316
7283468132
7699848687
8418602511
8780930232
8040358255
1940077754
8421795537
8243077957
6980587162
5522087816
7917135619
8207066188
2107041760
7325446930
5741231815
551071771
8567415486
561557427
8246431700
1339337441
8565127144
6897855657
891945959
1941717346
7917344925
6844908946
8023205137
8231714170
7387315985
5322059114
5322739865
7144092927
5467292625
1395644676
8303724770
7973258382
5716696472
6152859383
7544107701
1567433046
8033789475
7264674665
7649581781
6279567572
7260603382
5627847605
7624066257
6039702762
8356235898
977646132
8579359702
8473748212
6168568207
8121829079
7618257010
5000067875
8479223013
928712775
7873445482
8533010657
6444354423
8688347002
6992762676
7865469809
7475571866
7146029937
6987390640
7828162305
5399511846
6476816493
7827237328
1986152676
5466850585
6963159878
6258637777
7384338107
7339523944
6163668049
8050392327
7597754884
8088641879
7858235907
7347554289
1856818410
6959106551
892916124
7429038065
5945870519
6484309425
8375343120
994675553
1187009278
7018586788
8299580443
8568298480
7906225363
747936671
8040727167
5475733468
7192140005
6843361196
6852717696
8052557037
7439549052
8270113352
7693059528
6999656552
7948897675
7838772079
8004417516
7634888072
8248045397
1927694040
7851112317
1093657528
5953367551
7314445502
6899491885
5721610463
8482711944
8710097025
8242220454
141909073
5754281431
7503919742
6774814064
1765952705
6690251946
6727398496
8286089654
8302183453
8348406022
6301253581
8533586014
610878260
1210966420
5282172460
7193792549
6631604493
8153373986
8553254633
6575908207
1964768800
5308468007
7675575464
8477739882
800426090
530586242
5591458913
8292414734
8054097039
314155499
8092905435
7223547638
6893574570
8221978723
7981137091
1925893401
7367928653
6845495936
627183079
5723918467
6799220300
1881859397
8291315955
6917186487
7975751363
8325302296
8483000684
861008008
6319389142
1296302615
7503075147
8010512453
1849124552
720769237
5295497515
873106585
8144311154
5113634445
6868110074
8149965620
7301731350
5067139475
5264967801
8403842435
6199819996
7812444304
191992114
8425598358
7669891210
2118321800
8139361727
8743450215
7464136464
5946012536
7909537720
1816670799
6466237475
8348098416
8136139660
5183692526
8382685370
1549386918
5033868339
8535076217
1991855621
5392141013
7861327795
8559662291
8549334620
5090967462
7990794278
8346276678
8713165167
8258002299
7816719647
5071853181
8263360181
6201408922
7155077374
8316662597
1825866990
6703071094
7655178669
8387034293
5300032019
5137140695
5633174212
8602851096
6771296705
8521912288
1048528429
6556051028
5571286102
5595013874
8105298832
6912312736
6767004662
8445870138
6256617376
8725238128
8236853373
6396042993
6728167911
8297961889
8093256521
1752548209
395100243
7707132890
7721050164
8080190585
5782772186
8297185494
7649787101
2036926354
8584046664
6218239943
8378485035
7827186719
5807389259
8044796475
6038255627
7961536716
6318713685
8674221070
6776449068
932593820
6317433720
5681333254
7173443464
8350661934
7130791764
6761713455
7973878141
8211655876
8211334345
5941124562
8128204327
8472890770
237477927
8014492668
6884485081
7745621700
8504779301
1472900973
7982492095
1571232646
7465172244
8390593628
5130703678
6357127764
7780403769
7663514511
7963736289
8408523819
807026614
5717415886
7715479174
5347221568
7941595555
8581354045
5674355278
6792323165
6556251768
6364613622
8520651716
4512284
8233275113
8365379235
7156398804
8128476945
7963848250
859627357
5366197942
7614055199
7971495407
8217207529
7881850545
6407792442
8413638957
7472417690
8505342372
783968398
8224595527
614077509
6293871824
6989927829
8233135922
6328839618
6466975151
57948359
7235392837
8196828512
846437491
8093652265
5520973209
6324524571
8611281636
8238784513
6464777454
5960840711
5768796040
8153163560
6156603673
8407713441
699603111
7476058456
1418439396
8236503369
1435674254
8684394425
8451166789
6385877569
2088001356
8517876231
234943135
7981529311
7751311633
8568992253
1180958832
7318001394
5639298492
7943719080
8174653844
6727829954
8344249907
8222770234
7188634584
7938294169
7628212507
5891751200
8446962006
7816355487
8237785154
5971724727
1740360561
6815767833
6910567786
7823964414
1939163989
8177414770
8048386858
8733767209
6469132497
8555789047
8320985079
6564827585
8417603590
7992907431
8143407480
8479632668
907506497
716331706
8743284316
5400134015
8799085284
7539642873
7674021447
6110227220
8334002646
7860054760
8505394641
1944037989
6966946082
7945521085
8591705269
8329629492
7788014368
7328052750
7547267665
6675011315
8753158540
5335986737
8220592763
6988273394
1052459564
6994601371
8087238035
7552449940
8054584642
6761499727
7368415943
8331938816
8154535491
5502063053
6415083273
5502777773
8035302748
7151375074
7591649214
1249464549
586976822
7502140668
8455413864
7014223656
5629461291
1039084671
8411478060
6214936899
6329857023
2057850249
8282784827
7475259614
8324677624
5128656186
7926443503
986472608
8250427880
7404281383
8032912884
6301852732
8744110757
8246499834
8554684879
8304775408
8335479949
5969196931
7752971569
8511496866
6304420363
6570508586
7862844947
1832722456
5786326365
5542364872
1328782159
6079896100
5312476434
7847979472
7501575629
7088474388
7705975058
7231673738
1826735154
7747009041
5897148258
584369964
8252174143
7363588280
7062612970
6895994523
718876536
7172557247
8250727310
627979649
8172492237
8483028554
8077105711
8681583591
6870710469
7797935767
7160960614
929344584
313110035
197774796
108174740
369007504
680692848
7955926084
7291126929
7902549581
8293714059
8692222018
5319462042
8650450421
7860389015
8418990743
7175316938
8083594111
8332470593
7438512858
7842748366
5657456033
7621283904
6134581074
8392141080
7088877918
8267470233
8710878318
830137097
1657907807
7210051081
8373204976
6972551884
6543608060
7156135665
6782652059
8392376340
8340753756
8466652830
5488305548
5125456796
291184002
5045896040
7296822890
864041585
8252532291
7873825341
6163514187
8395218072
6342194010
5448500154
7535867288
6596269118
7355523648
6484061420
7274471615
907940682
8411177817
6909565927
6814831560
8694105177
8073950801
7335466709
6356270532
7104894354
7795287931
8463026215
8504667327
8499724435
7828659957
6566003661
5479306242
6374812381
7465676292
1280621206
297620100
5635593078
6531268963
7527894500
6707360526
7842616167
6393432962
8267671497
8445140753
6807906798
1048626884
6907821814
1622958461
6746047772
6990853495
8099706821
2126331818
8207593873
7987102340
8137689086
8178057675
6406884471
7149929676
8478034543
7276653330
8627313947
1668230708
8334348045
8422403183
1997393609
7866707842
1139066731
5302082588
7897612813
6881546975
7550946056
724183174
1125030727
8529044046
8088771027
5994386719
5499606509
7248270537
6352741351
7257611498
8506170570
8064953774
5532415880
6953741392
8726032512
5763083650
8445394870
5639835006
5248402236
8099201703
5971535848
6208149140
6574985561
7808556454
6145350099
988633431
6820884834
7800303305
6909123493
7467791354
7889483299
8321026285
8583015429
6380886931
7846288445
8353726062
8421814098
1577653843
7688036866
8519312865
131873365
8425807062
8614136138
8399745727
8258951326
1387757030
7485828271
6031733908
8013331820
8525618745
8029057241
6586127731
8540626197
2889269
8225314159
2576875
39634624
8445983308
139037988
1977472692
8274538941
6329600463
570768923
7544939558
7437884118
1589388857
8606256522
8154536256
804304605
6916987788
6945217262
8043898426
5221669377
8506810247
7285221051
8583510746
8540105034
6482381167
8410871219
782394590
8385482656
8329292668
520456295
8319542675
7671359475
7943290988
7833692954
6496606064
7026848229
8573961248
7422739499
8481493699
8596649257
7963473131
7080875017
7496400513
8264583462
7021824683
8247745098
6832850568
7762189627
7055605090
7370145642
8396656601
7317129971
8346877938
7986752145
496146869
655849095
548516141
702736452
415968296
7599577324
7773368269
702628288
6289280590
539896845
527828722
842545130
808900674
874200123
8072023139
8267504262
6950434584
6930522967
8270959368
8600424711
8780658283
897105289
8571991276
1866322378
918325093
731782187
513678627
927606016
923774283
625326174
872063917
1007068764
910323516
8437343101
933526250
996355784
664131847
8428688043
7886501920
646132046
8388619988
7140654682
1011269161
881186886
8465417771
101132420
1073952862
542900407
8182746789
1010601802
206313340
7719828903
6105962616
1466652534
1307986508
1546160997
7696587682
7474936444
1552591585
834605108
1414175772
936363296
479740353
6819790989
1587343240
5987138757
175769366
1202224888
1203342934
1576668475
7049079636
160664093
1299076420
1101624111
628263002
1463677563
401948232
1773298791
1781950700
1793988002
8584267427
7030103501
6405302695
1716088067
8471510619
527314029
8526528202
8574393195
7314301099
8083737943
8063606455
7633906834
6494011848
6688638718
7813030570
5273265020
7942037006
8349376483
8570237341
6724371897
6297471568
6823867380
2125039187
8401302476
6236046194
8214374016
8316050205
1329357613
6610267953
6701690176
7734842518
7920145401
6188709272
6744654943
7895176103
856290058
7471374499
7901560912
8622015508
7880036936
8029402294
7394195665
7962088839
8501118793
8321068712
1293307959
8709097235
8119597476
976608097
8220129438
7304627390
5026471015
5008556354
7299276013
8568214436
8278758392
8230791272
8159142897
8443887425
7098650644
5801757041
6507681240
8407900046
8798066562
8297122261
6589072197
6301855802
5093208375
7032214572
8302096549
1373237495
8333519500
8081960375
6290938216
6338134423
8312925235
8047170342
427108102
8574032003
8014466725
8209504973
7472736105
6945402069
8408141858
8212548333
8416863618
8528164444
7636916853
7602346808
8637965561
8371554030
8146520328
5733238549
7940379613
5883613065
8006232685
7247250627
8557357730
1210613678
7757248677
8370469782
8271593037
6668152835
8613811830
5909268174
7685931218
7520999689
6811657600
8453251340
8456345058
6947835894
8493828321
8098554976
311990922
7803882965
8173710914
8779173401
8297467931
8416430530
8468581170
7794876415
7886960889
8522085103
8736789687
994442089
5352820564
664338983
1423341112
1217835199
1449544216
7390630047
820757336
609648357
5031316824
8514802039
5061220495
8367380046
8546372068
6917158665
5070517165
1584086448
5260679507
8104400397
6348814121
8558940052
5152456361
8113406779
1566110825
7300585975
7348574254
7913465005
740655645
6588709238
8053140499
6733757024
8250587362
6918745664
7932517963
8068139701
8517505127
7581358977
1685210668
8284165089
748486738
2116053138
8422103187
577050630
8014606744
5031048429
2119726714
2021426892
854041392
634875823
8667438331
8004114589
5294287789
5248729666
5085032784
1536020432
2136155807
1035645025
5392010604
843404606
1814703310
1011266083
7730730629
8747917363
5332600091
2077364259
697494984
8273929572
5391545439
6664940861
5524897622
271187278
5109471444
7138577108
6453121634
900476403
8498397243
8688339562
1235337627
7847851927
685831197
1752934747
8130385298
2034257994
1948907268
5681535578
8569847970
5717748890
8303663882
6972767413
5469268537
856298362
5637805075
5603599987
6390046645
625453946
1826367766
921930641
5773694083
594609127
204361731
6648710329
6071160270
8171981150
1144575130
5363476185
8512916119
1471071737
499043303
1759785525
1333545649
997722174
5806064975
7525343544
995537058
1013947159
6977814544
5854898408
5833253328
5321404997
2092717507
5499688002
857079314
1607363872
5773478356
6230587720
8305492159
6406172563
8378898595
7669335940
8266792506
7404233211
8567741454
8264865982
6494574315
5850919305
5397300375
8534073493
7832831085
5421497303
6703063799
7665146557
5625472610
8288737048
6131603101
2011527378
8069597165
1932191467
510579552
7842987997
7249235456
6295163965
6234795620
8729762467
7757012380
8663409753
6787802210
8419788910
5370618454
859879539
1314148527
7792433598
6870444882
7815644603
5853835930
2108268662
6165338131
7860206094
973954133
8499762167
7877723244
7770167628
8632884018
6487913844
8007823540
6946102076
7527484753
6168471149
1480942456
6354423061
7948509829
8532556446
8362405509
5246248044
6997854264
8200568897
7832604044
7473541145
5612025433
5963428161
8239906421
7934551945
38403648
8507598956
7827388178
1079365794
5326937733
1102248214
454874982
6111713582
5877589598
6533127939
5522747372
8218941153
6568700731
8372632766
8281465929
6427960697
7003496918
7754146216
8385919943
5871439115
8130855274
6014356879
7765351892
7000715694
8350588653
7505544038
8350817616
269048717
6050202276
1646317875
6033220616
7995193411
8248167931
7929686544
7374322206
7970917641
7529760748
7855801170
8726281384
1372137841
8491019736
8291564997
8672922258
7563362552
7108116673
6474626423
7978526827
709092770
5992193687
8020971882
6088330305
8308933776
6068557728
5092319966
5492344794
2112428428
1603904906
7868869130
5906003816
5982338460
1489731392
5904590047
7324893788
6107498792
7719606832
5542797288
6111095495
629980521
7598180323
8367252492
7794555251
6144826394
8544937181
7698327661
919131304
570249047
8566477449
1475678829
7112730807
8211574772
6959147686
5922558874
8532287726
5884521028
275315824
6556115751
5627455059
2121197970
7870830987
6006686828
6150288275
188917709
6046533838
5936199037
6272046630
8432570348
5888981992
1856344816
8163417765
5750271567
8225986392
8122746284
770521888
1823027028
8737194798
6332830249
7627679066
1575566782
874510492
8761332983
5881339925
5972066351
603106601
5670152187
8553046646
7714374134
6811068220
6306472255
6055192694
5147705679
8209224616
8688437202
6349795002
8271153841
7392623144
7070534406
6311561619
5513241748
5948108524
5592463342
6405209873
6729756788
5192143253
8321938690
8515788974
7421112447
5973032708
7917341523
8299190654
486296428
5986525413
6284083583
282381791
7684492849
8187955402
8727390990
7056689760
1975784429
5269049340
7409466153
7114157575
6040497482
8697631028
215281438
6876651664
6074224884
7327714730
5528598102
7424735171
5859246826
5782073101
8233895218
7718948112
7979647293
8251524675
8591825012
6189345448
8744921109
8598372779
8501273838
7859892723
1417429846
7718860812
6395245721
7645717221
5923769575
8533101833
8197135737
626763351
6489294125
7690973473
279051179
8103459350
6582354248
6206901093
7760431439
1128839834
8585397293
1950422237
7991300319
8523237420
7795239865
5246522307
7859864092
8548619044
7348612738
7211184974
409182438
471691787
8398751992
6776625312
702496427
8561752428
6432142103
6452794612
6456254708
1996480061
7695996640
5476972853
8251341129
8328079892
8141265791
6828225318
6895117898
5929409584
7773979160
1144898534
7865212407
7256093711
661794788
224863406
6586401462
6824652752
118725672
1422885540
7919556124
7841503041
8285597694
5552917002
5986972236
8113261556
8503641371
8511123188
546579835
8347020237
1364798376
5236706487
6673766477
1609727701
7135645967
8222473398
6245792962
191053755
7813977166
5258042086
7306986012
8210895217
7581382916
8048181476
7749427865
5559135621
7892223969
7093177098
7751872780
7182359105
1236733360
8428274470
7121107163
1965316417
8140077139
8021297167
6146486950
7946871601
5065655291
6591217338
726396460
8247688035
803418041
7366347871
7749945685
169271780
8667914421
6411031796
5490694536
5724068119
367691920
1682937251
6284448031
7784938518
1997151626
6383642009
6269416644
8188393340
6153621554
6523558498
6516554533
5075630386
5555506875
6487891788
6563853020
6442691042
6439970949
7541636417
7560947598
6101792096
6340348070
6357448914
7751701186
776916929
6598538905
6595895105
5376677294
6538667144
6644738835
926777435
5318154028
8132642625
6596499984
6473743613
6625044101
7229364393
5584045641
5115766624
1373744030
7687608544
8756480369
6715266195
6749752160
7598922012
5936655619
7563757999
7999713945
6157191911
6628909558
6155244877
8250053617
6792788324
6406293640
6840836761
6819140797
7856084308
6862977751
7653148342
6826762922
6631607153
6872411788
6883344093
6275843350
5707257118
5501891845
6872787275
5497861046
5914970204
8366730267
6624374938
6742348796
6673540997
6872648140
5576876357
7478981960
6495335935
1506227141
8360577536
6626152569
561509226
8673603650
461776067
6164456159
1395653587
6290771997
7817797963
1895990053
7347414800
6677106013
6827063028
7092107824
906803122
8587776918
994257194
8048504607
8439791395
7894577269
8019824474
1266356151
8216395507
8340123524
1299714280
8331857690
8220698497
7374901534
8359435290
5639209064
5946988631
1763616484
5922071636
6563985116
7611821564
5402826561
6167912895
7943858843
7004388902
7666557465
2016475273
7996291297
1913132474
1678352208
5368237413
8127842112
6139928145
1364891207
8623739401
641901209
1102548966
7782733661
7074171455
7060311031
6889734947
8148870755
8000192973
6858038844
6897623104
8319288484
7966876958
8621810996
5253767214
8438611983
8252969339
8244820106
7516645172
8581707384
8322395560
625561511
963783631
6553491770
7766748580
5233282480
8273507588
1939107903
8375735710
6108882176
7109528467
8526661946
5857419965
7707647409
6399314675
1252377233
5208451870
6898155374
6880936974
7434730365
5265764337
6736395106
8267909402
6211953027
6785479266
7237667718
1154395739
7335540502
6915107361
5596052691
5929469774
8193756330
5405206192
8250940391
7819051230
8382111134
7698946371
6747358324
739264901
5129928972
7116683672
8401718350
6894048921
976611909
8555969965
7884807502
6051417550
8371340279
5950507143
984473925
7265767930
6824677092
8331653382
8459195504
6532327101
7185093415
6131645720
835860453
8194309952
891786078
310094223
6019328543
6932582551
6913246840
6983680803
8481687032
8556080583
8105665014
7600146622
6769813309
6104716688
8105146895
1390226648
8529998880
7587201384
8497635960
8028576587
7730291317
7590566492
8128396847
6996304049
8246027694
6009443328
7156699319
8751724881
8238468564
8523551417
8582044063
7958023330
7103307613
8009386040
7659449021
6945825368
5953905201
6265761140
7714931099
6010916036
5570282761
8341339791
7073108225
6241665037
7032889965
6701777080
7167155824
5006935310
5897361502
6143413506
1171153361
7535102177
7771973086
8267084510
8186752973
6652165702
7748150674
8361360250
850518223
1069517741
7258574843
8486397172
6919922450
1708174065
8590076361
6552834116
7271839659
8354989904
7248305755
6156957726
5843730681
812073416
5718059459
7313397697
7003648950
1504521591
7704182399
8154843031
6254272601
6269321674
7055493466
7934975097
5790696824
7603567740
7062593930
1835670111
7372352384
6537285440
7159963568
7034066222
7297108929
7268445632
944144536
7206771931
6969347196
5053389449
6931189757
7111651550
1336049383
6934159664
403659359
5647264451
6743897869
6298204465
6414004691
7443539211
7347318006
5136437590
965187366
6971016514
5787263749
6725374770
6149131247
8404560392
6905580088
7130316713
7447846261
7478736924
6315326915
7517417408
7330257835
6238412197
7180206340
7423106911
6585892843
5018845107
7441993543
1363233995
7452905725
1932337413
7955046175
7491975698
5838211771
7578343119
7523519077
7688010151
8086382533
7227191126
8044557812
8517383320
7958013569
8282404831
8105258194
7188587575
5625221507
8715981242
8022701101
6664784574
6967191845
7529275327
1073641701
7978052147
7763654102
5206309316
875565372
6103028226
7923464964
8592291917
1034876630
8766271513
6749426784
8271068876
5063070633
6355441454
5323713119
7507684997
6535772749
5727107442
7384113006
6161887446
6798648611
1587297467
5467886678
6272810061
1349529599
7647184318
7259348716
8282577342
6271600606
8216385414
7819146262
8415307026
445335298
1254129541
6045287764
5598258521
5895993607
7043041795
6890802375
8316058674
6554793728
744601531
8752258388
6327507685
6269637651
8519756762
5768573686
8342592300
5932165495
580091268
5037405781
1179601140
8328954616
7219743112
8310602028
6692954507
5445367582
7992300701
525971646
7247648569
8015648075
5225749055
7355911354
5109175799
8259828618
1615483433
6180147848
7135271941
8408592286
8354582219
7584772693
7925944562
914855763
7873372420
6778497182
353500072
7174149244
2046926696
5498219573
1278905001
6585106899
8580672371
2108366584
6418269901
5542546787
1787255547
455884430
8448099851
1700234965
8504668015
953422007
420062842
7549750056
779796541
8063114534
6805678884
8230805309
7911552225
7593830094
6250277698
6469214972
6643276475
8261964243
7993868557
6646629534
8205303372
7389006097
8206205731
8481880125
5520221001
6502769338
7829361199
1001140560
2115213962
6360337735
8341521405
6102513628
7094154122
8295037344
6789155820
7742209894
5832213760
1716449302
7570101116
6741040306
7398604114
533952910
6635927289
5045010731
6993519813
6287613487
8035887486
5732442854
8490879039
1013683043
7299263774
1118238093
8303398068
7447962951
6006824632
6207808884
762901294
8289641617
352830068
6851805028
1782644025
972802796
6580371257
1665758942
7534448004
7342750567
6013192011
7234043542
5416833006
1295864161
8098890888
7249125993
7560196459
1470275012
7729747865
6810376523
7809691696
7936649848
8753210675
6759569982
7265828339
7175911926
7662347206
7763678700
7476491084
6042494296
7514955063
5475555470
7180984107
1164132977
7752429651
8199199129
7819586157
6112435204
7556804553
5193751404
7766303565
7874997182
6419472450
5975232442
7892480736
703614587
1767079224
6781842720
6195291371
7081713678
5495321484
8545443511
7882738569
7974236478
7898577874
5014617706
7916934910
8459061826
7729954916
8009319326
8317964402
7450272768
7966558036
8470670794
7666535282
874209082
6403626190
5339226349
7310989603
7104428166
7012637481
6809612829
8010939178
7848013488
7222302574
8045186992
8067400472
8120276171
8079480657
8170240195
8133453501
8077314607
8190633911
5550899405
778225312
1982087614
5380728018
8397398473
8403962483
8183801213
8423030384
8337997242
1930989190
6225233339
1587302960
7694560529
6731296821
7925616024
7989752463
6799322867
5934649618
8388223462
1351283353
7892950634
6227493110
6099400961
8399176489
1264713327
7865055418
6010385420
5577172982
7067495120
6809980241
8173108950
7377559680
1166165743
551273364
8653294529
6712695256
5872841533
8785763068
8010751248
7003107991
7945856255
5403325723
8521521911
1094764005
8730743072
8403821971
8519199868
179039105
7369732044
5746980160
8782708289
5805277990
7521420476
5400423979
6012211257
5842241508
7853421214
6835244458
7483311086
8483008014
7835476673
8262610824
8446846021
6421536331
8399589909
8410735378
8556646467
2145331889
992637095
569848042
8757479548
7626285682
8256416126
6162873166
1506985163
6544980209
7655881350
8195685881
8581730036
8648166019
8454507986
7565967959
7712820837
6792861518
8174904876
1544207609
8195330115
8435167364
8531675162
6191127145
7422170985
8098876044
5385654906
7421185028
8458431391
5870390699
7068462561
7628474452
8534685070
980308174
1945854669
6531245811
8563501861
8174538776
7879444710
7297863537
5415840425
6069848122
6084421121
1986728637
8552044916
1951150092
6366416100
5523596195
8486125339
7559718010
8168246201
6358761117
7515077186
5650747393
8254611432
8525714134
7151709980
8508903647
8334614993
752329454
1974005030
746571664
6155552435
6545665816
8147208209
5892008233
6460896062
6219594715
8677179246
6937442626
7025169688
68103502
5398988475
